4 0.771240234375 0.263 0.03271484375 0.048
4 0.814453125 0.563 0.0439453125 0.068
4 0.77294921875 0.6455 0.02734375 0.033
4 0.79345703125 0.767 0.0302734375 0.036
4 0.806884765625 0.9405 0.02001953125 0.027
4 0.77685546875 0.552 0.0380859375 0.042
4 0.770751953125 0.6185 0.01806640625 0.019
4 0.76904296875 0.881 0.021484375 0.022
4 0.769287109375 0.7765 0.01904296875 0.027
4 0.7822265625 0.222 0.013671875 0.024
4 0.771728515625 0.4605 0.01318359375 0.017
4 0.770263671875 0.3085 0.01318359375 0.021
4 0.772216796875 0.129 0.01513671875 0.018
4 0.76318359375 0.5065 0.01171875 0.017
4 0.770263671875 0.4115 0.01025390625 0.017
