4 0.80517578125 0.3545 0.0244140625 0.025
4 0.802734375 0.4305 0.0478515625 0.057
4 0.809326171875 0.6525 0.02685546875 0.039
4 0.774658203125 0.475 0.03173828125 0.034
4 0.76806640625 0.4365 0.025390625 0.045
4 0.806884765625 0.329 0.02294921875 0.026
4 0.8037109375 0.2975 0.02734375 0.033
4 0.769775390625 0.629 0.02001953125 0.042
4 0.710205078125 0.307 0.02001953125 0.054
4 0.772216796875 0.7285 0.01611328125 0.021
4 0.77197265625 0.773 0.0166015625 0.02
4 0.766845703125 0.056 0.01904296875 0.022
4 0.767822265625 0.08 0.01904296875 0.02
4 0.76904296875 0.262 0.021484375 0.024
4 0.767333984375 0.1185 0.02392578125 0.025
4 0.77392578125 0.894 0.0341796875 0.04
4 0.767822265625 0.87 0.01611328125 0.016
4 0.846923828125 0.465 0.01904296875 0.05
4 0.76806640625 0.381 0.021484375 0.02
4 0.767822265625 0.849 0.02294921875 0.024
4 0.81298828125 0.4745 0.03125 0.031
