4 0.7724609375 0.1695 0.0341796875 0.049
4 0.843505859375 0.185 0.01708984375 0.086
4 0.77197265625 0.551 0.033203125 0.034
4 0.784423828125 0.6745 0.05126953125 0.045
4 0.770263671875 0.788 0.02197265625 0.03
4 0.806884765625 0.848 0.02392578125 0.028
4 0.845947265625 0.789 0.02197265625 0.086
4 0.8447265625 0.9705 0.0185546875 0.057
4 0.7724609375 0.365 0.0185546875 0.024
4 0.771240234375 0.0345 0.02099609375 0.023
4 0.841796875 0.017 0.0146484375 0.032
4 0.771484375 0.524 0.0224609375 0.02
4 0.77587890625 0.457 0.04296875 0.046
4 0.815185546875 0.4705 0.04541015625 0.063
4 0.76318359375 0.413 0.015625 0.02
4 0.770751953125 0.318 0.01318359375 0.018
4 0.769287109375 0.2155 0.01904296875 0.021
4 0.794189453125 0.225 0.01513671875 0.024
4 0.787109375 0.1265 0.0234375 0.025
4 0.777587890625 0.9305 0.03759765625 0.041
4 0.773193359375 0.902 0.01513671875 0.022
4 0.808837890625 0.9395 0.02587890625 0.033
4 0.830322265625 0.9805 0.00830078125 0.039
