4 0.720947265625 0.1785 0.04150390625 0.139
4 0.73388671875 0.3465 0.0634765625 0.179
6 0.917236328125 0.967 0.01416015625 0.066
6 0.498046875 0.4825 0.01953125 0.313
6 0.918701171875 0.5645 0.01611328125 0.131
6 0.928466796875 0.461 0.01123046875 0.134
6 0.947509765625 0.568 0.01025390625 0.084
6 0.94580078125 0.97 0.04296875 0.06
6 0.56591796875 0.341 0.0224609375 0.298
6 0.534423828125 0.2365 0.01123046875 0.047
6 0.5185546875 0.5785 0.0126953125 0.077
6 0.6748046875 0.498 0.013671875 0.194
6 0.497802734375 0.277 0.00830078125 0.024
6 0.537353515625 0.355 0.01806640625 0.082
6 0.87548828125 0.6235 0.0107421875 0.079
6 0.804443359375 0.354 0.01123046875 0.072
6 0.69384765625 0.1255 0.0107421875 0.057
6 0.75439453125 0.6455 0.013671875 0.069
6 0.755126953125 0.566 0.01220703125 0.062
6 0.537841796875 0.425 0.00830078125 0.036
