6 0.83984375 0.625 0.015625 0.016
6 0.807861328125 0.7715 0.02294921875 0.027
6 0.8203125 0.823 0.0078125 0.018
6 0.88525390625 0.767 0.0654296875 0.248
6 0.915771484375 0.474 0.04052734375 0.038
6 0.958984375 0.264 0.08203125 0.184
6 0.822998046875 0.679 0.01806640625 0.062
6 0.933349609375 0.531 0.00634765625 0.018
6 0.832275390625 0.9465 0.00732421875 0.029
6 0.880859375 0.927 0.0078125 0.042
6 0.920166015625 0.9515 0.00634765625 0.015
6 0.91357421875 0.9735 0.0068359375 0.015
6 0.980224609375 0.4565 0.00732421875 0.017
6 0.922119140625 0.4135 0.00830078125 0.037
6 0.827392578125 0.894 0.00732421875 0.014
6 0.810791015625 0.98 0.00732421875 0.014
6 0.888916015625 0.088 0.00732421875 0.014
6 0.7158203125 0.645 0.0068359375 0.014
