6 0.718505859375 0.189 0.01513671875 0.096
6 0.749267578125 0.0295 0.01318359375 0.017
6 0.7197265625 0.024 0.0087890625 0.014
6 0.735595703125 0.691 0.01025390625 0.018
6 0.77783203125 0.9465 0.0078125 0.017
6 0.79248046875 0.9015 0.0087890625 0.017
6 0.6396484375 0.438 0.0166015625 0.052
6 0.643310546875 0.3335 0.01025390625 0.029
6 0.70458984375 0.1145 0.0126953125 0.011
6 0.611572265625 0.8645 0.00732421875 0.017
6 0.61328125 0.75 0.0068359375 0.03
6 0.6142578125 0.6555 0.0078125 0.025
6 0.65234375 0.512 0.0078125 0.012
6 0.6181640625 0.551 0.0087890625 0.016
6 0.650634765625 0.2825 0.00634765625 0.011
6 0.654296875 0.2635 0.0078125 0.013
6 0.76171875 0.1325 0.009765625 0.045
6 0.6201171875 0.7255 0.0068359375 0.013
6 0.658447265625 0.6815 0.00830078125 0.017
6 0.631103515625 0.8585 0.00732421875 0.015
6 0.779052734375 0.4835 0.01025390625 0.013
6 0.72900390625 0.4465 0.0078125 0.015
6 0.448974609375 0.8875 0.00927734375 0.019
