6 0.770751953125 0.342 0.01611328125 0.03
6 0.832275390625 0.672 0.01123046875 0.04
6 0.836181640625 0.7405 0.01904296875 0.043
6 0.83642578125 0.783 0.0087890625 0.03
6 0.764404296875 0.0305 0.00927734375 0.031
6 0.764892578125 0.0715 0.00927734375 0.017
6 0.836181640625 0.4625 0.00927734375 0.027
6 0.84130859375 0.242 0.0087890625 0.018
6 0.808837890625 0.279 0.00927734375 0.016
6 0.78173828125 0.294 0.009765625 0.018
6 0.731201171875 0.196 0.00927734375 0.018
6 0.6572265625 0.0305 0.009765625 0.019
6 0.842041015625 0.8635 0.01025390625 0.025
6 0.809326171875 0.4575 0.01025390625 0.019
6 0.79541015625 0.0505 0.0087890625 0.017
