6 0.21337890625 0.1875 0.013671875 0.017
6 0.19287109375 0.22 0.015625 0.02
6 0.190673828125 0.2825 0.01220703125 0.015
6 0.21826171875 0.8745 0.0126953125 0.017
6 0.203857421875 0.035 0.01123046875 0.016
5 0.0556640625 0.491 0.1083984375 0.95
6 0.200439453125 0.052 0.01220703125 0.018
6 0.191162109375 0.7095 0.01025390625 0.015
6 0.19287109375 0.6475 0.01171875 0.015
6 0.205078125 0.6635 0.0107421875 0.021
6 0.179931640625 0.821 0.00634765625 0.012
6 0.20068359375 0.907 0.005859375 0.012
6 0.200927734375 0.173 0.00830078125 0.012
6 0.207275390625 0.243 0.01025390625 0.012
6 0.179443359375 0.3935 0.00830078125 0.013
6 0.200439453125 0.4785 0.00732421875 0.011
6 0.2275390625 0.9685 0.005859375 0.009
6 0.193603515625 0.19 0.00732421875 0.012
