4 0.71044921875 0.174 0.021484375 0.068
4 0.769287109375 0.1385 0.01904296875 0.023
4 0.7685546875 0.256 0.0166015625 0.02
4 0.807861328125 0.526 0.03076171875 0.04
4 0.7734375 0.767 0.03515625 0.038
4 0.77392578125 0.9475 0.0302734375 0.041
4 0.76904296875 0.49 0.0166015625 0.022
4 0.8046875 0.2285 0.02734375 0.027
4 0.806640625 0.2025 0.0224609375 0.025
4 0.803466796875 0.1705 0.02685546875 0.027
4 0.774658203125 0.348 0.02783203125 0.034
4 0.802978515625 0.307 0.04443359375 0.054
4 0.81298828125 0.349 0.0283203125 0.034
4 0.770263671875 0.299 0.01708984375 0.022
4 0.769775390625 0.319 0.02001953125 0.024
4 0.844970703125 0.337 0.01416015625 0.04
4 0.771728515625 0.511 0.01806640625 0.022
4 0.77294921875 0.602 0.0205078125 0.022
4 0.77099609375 0.6465 0.013671875 0.019
4 0.81103515625 0.98 0.013671875 0.02
4 0.76806640625 0.7435 0.013671875 0.015
4 0.761474609375 0.922 0.01416015625 0.016
4 0.76953125 0.0595 0.0146484375 0.021
4 0.7099609375 0.0735 0.01171875 0.017
4 0.76806640625 0.7225 0.013671875 0.017
