4 0.802978515625 0.0305 0.02685546875 0.033
4 0.806396484375 0.2285 0.02880859375 0.035
4 0.770263671875 0.221 0.01611328125 0.022
4 0.808349609375 0.421 0.02685546875 0.04
4 0.8037109375 0.652 0.0341796875 0.04
4 0.7744140625 0.9215 0.0224609375 0.031
4 0.771728515625 0.701 0.02294921875 0.022
4 0.807373046875 0.92 0.03076171875 0.034
4 0.769775390625 0.9745 0.01708984375 0.019
4 0.772216796875 0.86 0.01806640625 0.02
4 0.7705078125 0.828 0.0166015625 0.02
4 0.7705078125 0.7845 0.017578125 0.021
4 0.768798828125 0.268 0.01708984375 0.022
4 0.769287109375 0.2985 0.01904296875 0.025
4 0.76953125 0.33 0.0205078125 0.022
4 0.769287109375 0.353 0.02099609375 0.02
4 0.768798828125 0.3745 0.02197265625 0.021
4 0.785888671875 0.391 0.01806640625 0.018
4 0.772216796875 0.4145 0.02880859375 0.031
4 0.772705078125 0.455 0.03173828125 0.036
4 0.770263671875 0.485 0.01806640625 0.018
4 0.76953125 0.5085 0.013671875 0.017
4 0.769287109375 0.527 0.01513671875 0.014
4 0.778076171875 0.5705 0.03173828125 0.027
4 0.770263671875 0.546 0.01611328125 0.018
4 0.771728515625 0.602 0.02099609375 0.04
4 0.8447265625 0.5805 0.0126953125 0.087
4 0.774658203125 0.731 0.01025390625 0.014
4 0.771240234375 0.008 0.01513671875 0.014
4 0.843994140625 0.0145 0.01416015625 0.027
