6 0.203369140625 0.315 0.01513671875 0.034
6 0.1943359375 0.0485 0.013671875 0.023
6 0.1904296875 0.1155 0.01171875 0.019
6 0.218017578125 0.7435 0.01416015625 0.021
6 0.190185546875 0.568 0.01123046875 0.024
5 0.058349609375 0.486 0.11572265625 0.882
6 0.205810546875 0.5215 0.01220703125 0.023
6 0.179443359375 0.232 0.00830078125 0.016
6 0.213623046875 0.014 0.01025390625 0.016
6 0.206787109375 0.072 0.00927734375 0.012
6 0.201171875 0.778 0.0078125 0.016
6 0.15869140625 0.267 0.0107421875 0.028
6 0.200439453125 0.4535 0.00830078125 0.013
6 0.19384765625 0.017 0.0107421875 0.014
6 0.193359375 0.958 0.013671875 0.02
6 0.1923828125 0.504 0.009765625 0.014
