6 0.205078125 0.18 0.0126953125 0.02
6 0.218505859375 0.611 0.01025390625 0.022
5 0.06494140625 0.499 0.12890625 0.896
6 0.200439453125 0.197 0.01025390625 0.014
6 0.191162109375 0.4375 0.00830078125 0.015
6 0.201171875 0.643 0.0068359375 0.014
6 0.158935546875 0.143 0.00732421875 0.02
6 0.200927734375 0.324 0.00732421875 0.012
6 0.1923828125 0.3755 0.0087890625 0.013
6 0.2109375 0.0585 0.0087890625 0.013
6 0.1806640625 0.1055 0.0107421875 0.013
6 0.205322265625 0.392 0.01025390625 0.02
6 0.211669921875 0.016 0.00830078125 0.012
6 0.19091796875 0.883 0.0107421875 0.018
