6 0.11328125 0.5475 0.015625 0.031
6 0.103515625 0.1845 0.013671875 0.099
6 0.093017578125 0.2905 0.00732421875 0.015
6 0.10205078125 0.0775 0.0078125 0.025
6 0.1162109375 0.1055 0.0078125 0.031
6 0.1357421875 0.4825 0.0087890625 0.015
6 0.135986328125 0.2685 0.00927734375 0.015
6 0.275634765625 0.142 0.00732421875 0.026
6 0.1171875 0.3735 0.009765625 0.017
6 0.20166015625 0.333 0.009765625 0.014
6 0.283935546875 0.829 0.00927734375 0.018
6 0.28662109375 0.5825 0.009765625 0.015
6 0.324462890625 0.3635 0.00732421875 0.013
6 0.281005859375 0.367 0.00634765625 0.02
6 0.11279296875 0.5865 0.009765625 0.013
6 0.32275390625 0.052 0.0087890625 0.014
6 0.090576171875 0.1445 0.00537109375 0.025
6 0.320068359375 0.693 0.00732421875 0.012
