6 0.404541015625 0.3725 0.01708984375 0.029
6 0.509521484375 0.3165 0.01708984375 0.031
6 0.44921875 0.418 0.017578125 0.026
6 0.61865234375 0.592 0.015625 0.03
6 0.584716796875 0.673 0.01806640625 0.028
6 0.476806640625 0.6375 0.01806640625 0.031
6 0.3349609375 0.8755 0.01171875 0.023
6 0.37109375 0.9635 0.0146484375 0.021
6 0.838623046875 0.5355 0.01513671875 0.027
6 0.916748046875 0.6755 0.01513671875 0.027
6 0.808837890625 0.7055 0.01318359375 0.021
6 0.864990234375 0.9235 0.01318359375 0.021
6 0.886474609375 0.9495 0.01220703125 0.021
6 0.797119140625 0.2265 0.01220703125 0.019
6 0.896484375 0.312 0.01171875 0.02
6 0.87255859375 0.132 0.0126953125 0.02
6 0.54638671875 0.3635 0.01171875 0.017
6 0.68115234375 0.2165 0.01171875 0.017
6 0.72021484375 0.238 0.0107421875 0.018
6 0.279541015625 0.258 0.01123046875 0.02
6 0.2099609375 0.4065 0.009765625 0.013
6 0.18310546875 0.151 0.009765625 0.016
