6 0.0986328125 0.2695 0.08984375 0.161
6 0.273681640625 0.232 0.07568359375 0.462
6 0.245361328125 0.7325 0.05712890625 0.535
6 0.16552734375 0.303 0.0390625 0.076
6 0.375244140625 0.729 0.00634765625 0.016
6 0.3642578125 0.673 0.0068359375 0.016
6 0.360107421875 0.3515 0.00732421875 0.015
6 0.3671875 0.8195 0.0068359375 0.017
6 0.370849609375 0.948 0.01025390625 0.034
6 0.35693359375 0.021 0.0068359375 0.016
6 0.375732421875 0.8645 0.00634765625 0.013
6 0.37548828125 0.546 0.0068359375 0.012
6 0.1767578125 0.048 0.0341796875 0.094
6 0.364990234375 0.1165 0.01904296875 0.173
6 0.37646484375 0.2585 0.0068359375 0.013
6 0.374267578125 0.418 0.00732421875 0.016
6 0.372314453125 0.476 0.00634765625 0.012
6 0.361328125 0.5235 0.0068359375 0.013
