3 0.538818359375 0.5145 0.18603515625 0.897
6 0.430908203125 0.851 0.01416015625 0.062
6 0.40673828125 0.1925 0.0087890625 0.019
6 0.4287109375 0.632 0.0107421875 0.016
6 0.402099609375 0.0825 0.00830078125 0.015
6 0.41357421875 0.2335 0.01171875 0.041
6 0.419189453125 0.373 0.01708984375 0.078
6 0.41796875 0.43 0.0068359375 0.012
6 0.424072265625 0.5215 0.01416015625 0.057
6 0.4306640625 0.565 0.005859375 0.012
6 0.42822265625 0.808 0.0087890625 0.024
6 0.432861328125 0.945 0.01123046875 0.11
6 0.46875 0.901 0.0068359375 0.012
