4 0.80517578125 0.2485 0.0263671875 0.031
4 0.7744140625 0.3685 0.0283203125 0.037
4 0.80859375 0.5465 0.029296875 0.039
4 0.773193359375 0.7815 0.03466796875 0.053
4 0.7724609375 0.961 0.0322265625 0.054
4 0.771728515625 0.668 0.01708984375 0.024
4 0.7109375 0.197 0.021484375 0.062
4 0.770263671875 0.157 0.01806640625 0.022
4 0.771484375 0.6225 0.0185546875 0.025
4 0.769775390625 0.532 0.01904296875 0.022
4 0.768798828125 0.511 0.01806640625 0.022
4 0.767333984375 0.7405 0.01416015625 0.021
4 0.77001953125 0.3295 0.0205078125 0.045
4 0.802978515625 0.326 0.04345703125 0.054
4 0.8134765625 0.369 0.025390625 0.032
4 0.846435546875 0.3595 0.01611328125 0.043
4 0.804931640625 0.2225 0.02880859375 0.023
4 0.803466796875 0.1905 0.02685546875 0.025
4 0.768798828125 0.2765 0.01513671875 0.015
4 0.7705078125 0.0125 0.0146484375 0.021
4 0.7685546875 0.078 0.0126953125 0.016
4 0.710205078125 0.092 0.01123046875 0.014
