4 0.772216796875 0.2435 0.03173828125 0.047
4 0.79638671875 0.54 0.0810546875 0.068
4 0.773193359375 0.625 0.02978515625 0.038
4 0.78271484375 0.749 0.0498046875 0.044
4 0.805419921875 0.922 0.02197265625 0.032
4 0.777099609375 0.9825 0.03564453125 0.035
4 0.76953125 0.8605 0.0205078125 0.027
4 0.761474609375 0.487 0.01318359375 0.02
4 0.77099609375 0.438 0.015625 0.02
4 0.77197265625 0.107 0.0166015625 0.028
4 0.7822265625 0.2005 0.0146484375 0.027
4 0.7705078125 0.288 0.0146484375 0.026
4 0.770263671875 0.3905 0.01416015625 0.021
4 0.770751953125 0.596 0.02099609375 0.018
