4 0.771728515625 0.09 0.01806640625 0.024
4 0.815673828125 0.5255 0.04541015625 0.065
4 0.773193359375 0.6035 0.02783203125 0.037
4 0.7939453125 0.727 0.0302734375 0.036
4 0.77001953125 0.842 0.0185546875 0.028
4 0.775634765625 0.972 0.03564453125 0.056
4 0.7724609375 0.4205 0.013671875 0.021
4 0.77099609375 0.373 0.0107421875 0.02
4 0.763671875 0.468 0.0126953125 0.016
4 0.77197265625 0.5785 0.0185546875 0.021
4 0.767822265625 0.736 0.02197265625 0.03
4 0.8046875 0.903 0.021484375 0.028
4 0.80810546875 0.9885 0.02734375 0.023
4 0.7763671875 0.513 0.037109375 0.046
4 0.772705078125 0.226 0.03173828125 0.044
4 0.770263671875 0.2705 0.01416015625 0.021
4 0.78271484375 0.181 0.0146484375 0.022
