6 0.8798828125 0.453 0.01953125 0.054
6 0.635986328125 0.1435 0.05712890625 0.113
6 0.635009765625 0.3195 0.01416015625 0.055
6 0.640625 0.6115 0.01953125 0.057
6 0.61181640625 0.646 0.009765625 0.082
6 0.60791015625 0.852 0.009765625 0.048
6 0.56640625 0.908 0.009765625 0.038
6 0.608154296875 0.985 0.01025390625 0.03
6 0.224365234375 0.164 0.00830078125 0.016
6 0.34716796875 0.0705 0.0078125 0.015
6 0.10986328125 0.485 0.0078125 0.016
6 0.065185546875 0.4765 0.00830078125 0.015
6 0.173583984375 0.1545 0.00732421875 0.015
6 0.1025390625 0.161 0.0126953125 0.016
6 0.14892578125 0.1515 0.009765625 0.017
6 0.038818359375 0.16 0.00732421875 0.014
