4 0.661865234375 0.228 0.01611328125 0.026
4 0.73876953125 0.0735 0.0537109375 0.145
4 0.657470703125 0.647 0.06396484375 0.14
4 0.65234375 0.8745 0.0595703125 0.139
4 0.73974609375 0.8545 0.046875 0.083
4 0.612548828125 0.9735 0.03369140625 0.045
4 0.660400390625 0.9825 0.03759765625 0.035
4 0.64599609375 0.767 0.0146484375 0.024
4 0.66357421875 0.776 0.013671875 0.022
4 0.748046875 0.7495 0.0185546875 0.029
4 0.645751953125 0.503 0.02294921875 0.076
4 0.642822265625 0.562 0.01318359375 0.018
4 0.669677734375 0.496 0.02685546875 0.07
4 0.638916015625 0.302 0.01708984375 0.024
4 0.734619140625 0.415 0.01904296875 0.022
4 0.667236328125 0.184 0.02490234375 0.034
4 0.638671875 0.077 0.0390625 0.152
4 0.66748046875 0.064 0.0185546875 0.044
4 0.668701171875 0.1 0.01513671875 0.024
4 0.739990234375 0.1725 0.02783203125 0.051
4 0.669921875 0.425 0.01953125 0.028
4 0.651611328125 0.9515 0.01025390625 0.017
