6 0.514404296875 0.0195 0.01123046875 0.017
6 0.55810546875 0.067 0.0107421875 0.026
6 0.6845703125 0.189 0.01171875 0.054
6 0.54345703125 0.505 0.01171875 0.016
6 0.2197265625 0.195 0.01171875 0.018
6 0.18896484375 0.467 0.009765625 0.018
6 0.16796875 0.5295 0.01171875 0.029
6 0.1875 0.264 0.009765625 0.014
6 0.184326171875 0.323 0.00927734375 0.018
6 0.705078125 0.2025 0.009765625 0.023
6 0.19873046875 0.0195 0.0078125 0.013
6 0.191650390625 0.933 0.00732421875 0.014
6 0.86474609375 0.919 0.0087890625 0.016
6 0.841064453125 0.9615 0.00927734375 0.017
6 0.91796875 0.6305 0.009765625 0.015
6 0.876220703125 0.137 0.01220703125 0.016
