6 0.71533203125 0.497 0.01171875 0.034
6 0.746337890625 0.8435 0.01025390625 0.027
6 0.734130859375 0.963 0.01416015625 0.02
6 0.753662109375 0.7075 0.01220703125 0.027
6 0.728515625 0.5335 0.0107421875 0.015
6 0.716064453125 0.373 0.01025390625 0.024
6 0.71875 0.2665 0.0068359375 0.025
6 0.73291015625 0.268 0.0078125 0.014
6 0.679931640625 0.3685 0.01025390625 0.015
6 0.743896484375 0.68 0.00830078125 0.014
6 0.74462890625 0.5235 0.009765625 0.013
6 0.759765625 0.4935 0.0078125 0.015
6 0.72802734375 0.3425 0.0078125 0.013
6 0.71337890625 0.02 0.0107421875 0.038
6 0.822021484375 0.269 0.00830078125 0.014
6 0.722412109375 0.069 0.00732421875 0.014
6 0.76708984375 0.5765 0.0087890625 0.013
6 0.803466796875 0.686 0.01220703125 0.014
6 0.89013671875 0.079 0.0078125 0.012
6 0.712890625 0.325 0.005859375 0.012
