6 0.2041015625 0.3185 0.01171875 0.017
6 0.1767578125 0.2305 0.009765625 0.021
6 0.219970703125 0.322 0.00830078125 0.016
6 0.235595703125 0.325 0.00830078125 0.016
6 0.2490234375 0.344 0.0078125 0.014
6 0.223388671875 0.4535 0.00927734375 0.015
6 0.15234375 0.154 0.009765625 0.014
6 0.247314453125 0.4875 0.00830078125 0.013
6 0.24658203125 0.648 0.0078125 0.012
6 0.247802734375 0.7595 0.00830078125 0.017
6 0.24609375 0.576 0.0078125 0.012
6 0.248291015625 0.2765 0.00927734375 0.013
6 0.250244140625 0.4155 0.01416015625 0.017
6 0.25244140625 0.89 0.0087890625 0.016
6 0.259765625 0.8195 0.0068359375 0.015
6 0.255126953125 0.9635 0.00732421875 0.021
6 0.24755859375 0.7235 0.005859375 0.013
6 0.2373046875 0.8135 0.0068359375 0.013
6 0.24267578125 0.942 0.0068359375 0.016
6 0.21923828125 0.682 0.0068359375 0.014
6 0.232666015625 0.6935 0.00732421875 0.013
6 0.25 0.1935 0.0078125 0.011
6 0.241943359375 0.053 0.00634765625 0.012
6 0.239013671875 0.0115 0.00634765625 0.013
