3 0.75634765625 0.5765 0.11328125 0.349
6 0.82763671875 0.5845 0.015625 0.023
6 0.618896484375 0.656 0.01513671875 0.022
6 0.708984375 0.6735 0.0107421875 0.017
6 0.8681640625 0.6105 0.0126953125 0.017
6 0.6796875 0.57 0.0107421875 0.016
6 0.8974609375 0.471 0.0126953125 0.018
6 0.791015625 0.6895 0.013671875 0.015
6 0.862060546875 0.0625 0.01025390625 0.017
6 0.744140625 0.143 0.0107421875 0.016
6 0.556884765625 0.669 0.01025390625 0.016
6 0.525634765625 0.579 0.00927734375 0.016
6 0.5888671875 0.2645 0.0107421875 0.017
6 0.72607421875 0.063 0.01171875 0.018
6 0.38818359375 0.3 0.0126953125 0.014
6 0.46484375 0.128 0.0126953125 0.018
6 0.191650390625 0.138 0.01025390625 0.014
6 0.188720703125 0.309 0.01025390625 0.018
