4 0.76904296875 0.497 0.0234375 0.024
4 0.80908203125 0.1045 0.0244140625 0.029
4 0.804931640625 0.7385 0.03076171875 0.053
4 0.765380859375 0.753 0.01806640625 0.02
4 0.767578125 0.8255 0.0263671875 0.025
4 0.765625 0.8475 0.0146484375 0.017
4 0.76611328125 0.8885 0.015625 0.017
4 0.767578125 0.913 0.0126953125 0.016
4 0.768798828125 0.951 0.01513671875 0.018
4 0.802978515625 0.8225 0.01708984375 0.017
4 0.769775390625 0.409 0.02099609375 0.032
4 0.771240234375 0.3575 0.03662109375 0.063
4 0.766845703125 0.011 0.01318359375 0.016
4 0.7666015625 0.247 0.01953125 0.036
4 0.767822265625 0.0535 0.01416015625 0.017
4 0.767822265625 0.108 0.01416015625 0.018
4 0.77099609375 0.312 0.0234375 0.03
4 0.780517578125 0.28 0.02783203125 0.032
4 0.76953125 0.1965 0.013671875 0.017
4 0.741455078125 0.3175 0.01416015625 0.023
4 0.772705078125 0.5525 0.01220703125 0.015
