6 0.191650390625 0.3495 0.01318359375 0.023
6 0.2109375 0.7895 0.013671875 0.023
6 0.194580078125 0.2825 0.01513671875 0.019
6 0.218994140625 0.069 0.01123046875 0.018
6 0.19091796875 0.8015 0.0126953125 0.019
6 0.205810546875 0.9165 0.01220703125 0.017
6 0.228759765625 0.728 0.01318359375 0.018
6 0.194580078125 0.7335 0.01318359375 0.013
6 0.19482421875 0.626 0.009765625 0.016
6 0.228759765625 0.8635 0.01025390625 0.015
6 0.16015625 0.659 0.0087890625 0.014
6 0.180419921875 0.464 0.00830078125 0.016
6 0.24560546875 0.4655 0.0078125 0.017
