6 0.422607421875 0.316 0.06298828125 0.63
6 0.41357421875 0.705 0.013671875 0.05
6 0.421875 0.769 0.0185546875 0.058
6 0.43115234375 0.859 0.0107421875 0.024
6 0.435791015625 0.8955 0.01708984375 0.047
6 0.44140625 0.9705 0.0166015625 0.041
6 0.4921875 0.8075 0.0107421875 0.041
6 0.461181640625 0.306 0.00732421875 0.016
6 0.56982421875 0.428 0.0078125 0.028
6 0.5673828125 0.3395 0.0078125 0.015
6 0.564453125 0.299 0.0087890625 0.016
6 0.556884765625 0.019 0.00927734375 0.014
6 0.556396484375 0.0065 0.00830078125 0.011
6 0.5625 0.2175 0.01171875 0.029
6 0.565185546875 0.851 0.01220703125 0.082
