4 0.770751953125 0.5185 0.02197265625 0.029
4 0.80859375 0.1245 0.02734375 0.033
4 0.802978515625 0.8375 0.01904296875 0.023
4 0.76611328125 0.773 0.01953125 0.028
4 0.8056640625 0.7585 0.0302734375 0.051
4 0.76904296875 0.846 0.0244140625 0.028
4 0.76806640625 0.868 0.015625 0.016
4 0.767333984375 0.9085 0.01513671875 0.019
4 0.7685546875 0.9335 0.0126953125 0.015
4 0.768798828125 0.9715 0.01513671875 0.019
4 0.771484375 0.4295 0.0185546875 0.031
4 0.773681640625 0.377 0.03466796875 0.064
4 0.768798828125 0.266 0.01904296875 0.036
4 0.773681640625 0.332 0.02294921875 0.032
4 0.76806640625 0.031 0.013671875 0.014
4 0.768798828125 0.0725 0.01611328125 0.019
4 0.76904296875 0.1255 0.0146484375 0.021
4 0.772216796875 0.2155 0.01220703125 0.017
4 0.782958984375 0.299 0.02685546875 0.03
4 0.743408203125 0.336 0.01513671875 0.024
