6 0.203369140625 0.228 0.01708984375 0.038
6 0.2275390625 0.4115 0.0126953125 0.025
6 0.210693359375 0.4725 0.01318359375 0.025
5 0.046630859375 0.457 0.09228515625 0.882
6 0.197265625 0.747 0.015625 0.03
6 0.199462890625 0.807 0.02392578125 0.026
6 0.16064453125 0.8105 0.0107421875 0.015
6 0.21044921875 0.673 0.0107421875 0.016
6 0.192626953125 0.3095 0.01025390625 0.019
6 0.19140625 0.031 0.0126953125 0.02
6 0.21240234375 0.0545 0.01171875 0.021
6 0.205078125 0.598 0.009765625 0.018
6 0.190673828125 0.4795 0.00927734375 0.023
6 0.159423828125 0.353 0.00830078125 0.036
