6 0.435791015625 0.67 0.05224609375 0.05
6 0.385009765625 0.6695 0.04833984375 0.043
6 0.341796875 0.666 0.0390625 0.04
6 0.355224609375 0.5575 0.01123046875 0.015
6 0.178955078125 0.558 0.00830078125 0.014
6 0.140380859375 0.579 0.00927734375 0.018
6 0.130859375 0.586 0.009765625 0.014
6 0.175537109375 0.5795 0.01318359375 0.019
6 0.208984375 0.565 0.0068359375 0.012
6 0.257568359375 0.6695 0.03466796875 0.031
6 0.303466796875 0.6675 0.03662109375 0.029
6 0.156494140625 0.3345 0.00830078125 0.011
6 0.452880859375 0.345 0.00927734375 0.016
