6 0.0966796875 0.32 0.0390625 0.638
6 0.16015625 0.5785 0.0126953125 0.043
6 0.18798828125 0.295 0.0107421875 0.028
6 0.198486328125 0.679 0.01123046875 0.028
6 0.23779296875 0.454 0.0166015625 0.02
6 0.100830078125 0.8455 0.04248046875 0.309
6 0.039306640625 0.714 0.01708984375 0.03
6 0.037353515625 0.775 0.01220703125 0.03
6 0.03271484375 0.8895 0.01171875 0.047
6 0.042724609375 0.828 0.00732421875 0.012
6 0.156982421875 0.374 0.00830078125 0.026
6 0.035888671875 0.5685 0.00634765625 0.025
6 0.039306640625 0.6085 0.00537109375 0.017
6 0.03369140625 0.501 0.0087890625 0.016
6 0.031005859375 0.3785 0.00634765625 0.011
6 0.160400390625 0.022 0.00732421875 0.018
6 0.161376953125 0.0775 0.00732421875 0.013
6 0.174560546875 0.5855 0.00634765625 0.011
6 0.187255859375 0.916 0.00830078125 0.016
6 0.196044921875 0.8755 0.00830078125 0.017
6 0.036865234375 0.2965 0.01904296875 0.109
6 0.036376953125 0.1625 0.02001953125 0.149
