4 0.768798828125 0.0265 0.02001953125 0.021
4 0.766845703125 0.558 0.02197265625 0.024
4 0.781494140625 0.637 0.02001953125 0.032
4 0.802734375 0.799 0.02734375 0.034
4 0.768310546875 0.815 0.02783203125 0.03
4 0.796875 0.8655 0.048828125 0.049
4 0.8017578125 0.925 0.03125 0.038
4 0.7666015625 0.961 0.0166015625 0.018
4 0.802001953125 0.479 0.02685546875 0.048
4 0.766845703125 0.537 0.01806640625 0.018
4 0.76708984375 0.5015 0.0205078125 0.027
4 0.7822265625 0.485 0.0146484375 0.016
4 0.76806640625 0.462 0.0185546875 0.02
4 0.766845703125 0.4375 0.01806640625 0.017
4 0.766357421875 0.413 0.01611328125 0.016
4 0.8095703125 0.391 0.033203125 0.04
4 0.765869140625 0.387 0.01708984375 0.02
4 0.8046875 0.353 0.029296875 0.034
4 0.767578125 0.3485 0.017578125 0.027
4 0.7685546875 0.252 0.021484375 0.028
4 0.7685546875 0.2785 0.0205078125 0.019
4 0.76708984375 0.3025 0.0205078125 0.027
4 0.768310546875 0.0605 0.02685546875 0.027
4 0.768798828125 0.0945 0.01904296875 0.021
4 0.783935546875 0.1315 0.02392578125 0.027
4 0.766357421875 0.145 0.01708984375 0.018
4 0.768798828125 0.1975 0.01220703125 0.015
4 0.76611328125 0.66 0.0166015625 0.02
