3 0.331298828125 0.9005 0.02685546875 0.199
3 0.533447265625 0.3075 0.01806640625 0.077
3 0.5361328125 0.044 0.0205078125 0.07
3 0.25 0.6725 0.0673828125 0.195
3 0.264404296875 0.8325 0.01708984375 0.105
3 0.3232421875 0.695 0.0234375 0.152
3 0.432861328125 0.736 0.01806640625 0.104
3 0.372802734375 0.964 0.02001953125 0.072
3 0.291259765625 0.9795 0.01220703125 0.041
3 0.399658203125 0.7225 0.01416015625 0.099
3 0.477783203125 0.4055 0.01611328125 0.069
3 0.429931640625 0.8315 0.01123046875 0.065
3 0.45849609375 0.081 0.0107421875 0.07
3 0.2314453125 0.036 0.013671875 0.068
3 0.317626953125 0.159 0.01220703125 0.064
