6 0.138671875 0.402 0.009765625 0.03
6 0.2216796875 0.67 0.0107421875 0.02
6 0.1435546875 0.1845 0.0244140625 0.349
6 0.119873046875 0.3355 0.01025390625 0.043
6 0.20458984375 0.2085 0.0205078125 0.215
6 0.189697265625 0.304 0.00927734375 0.016
6 0.1201171875 0.4965 0.0068359375 0.027
6 0.119873046875 0.6755 0.00732421875 0.033
6 0.11767578125 0.767 0.0048828125 0.024
6 0.115234375 0.921 0.015625 0.022
6 0.110107421875 0.97 0.01025390625 0.022
6 0.100341796875 0.994 0.01220703125 0.012
6 0.14404296875 0.5675 0.0244140625 0.249
6 0.1376953125 0.811 0.025390625 0.14
6 0.125 0.9005 0.0087890625 0.017
6 0.12744140625 0.987 0.0068359375 0.014
6 0.201904296875 0.507 0.01318359375 0.014
6 0.225341796875 0.5985 0.00634765625 0.013
6 0.224365234375 0.349 0.00830078125 0.03
6 0.21533203125 0.0705 0.0068359375 0.013
6 0.160888671875 0.3865 0.00927734375 0.013
6 0.201171875 0.5945 0.0185546875 0.063
