6 0.956298828125 0.581 0.01416015625 0.122
6 0.99072265625 0.48 0.0107421875 0.082
6 0.98779296875 0.554 0.009765625 0.04
6 0.987548828125 0.6105 0.01123046875 0.053
6 0.982421875 0.651 0.0068359375 0.03
6 0.98828125 0.787 0.009765625 0.044
6 0.96337890625 0.714 0.01171875 0.036
6 0.991943359375 0.6915 0.01318359375 0.099
6 0.98095703125 0.6955 0.0068359375 0.043
6 0.96728515625 0.6695 0.01171875 0.053
6 0.980712890625 0.769 0.00830078125 0.02
6 0.9912109375 0.8365 0.009765625 0.057
6 0.95654296875 0.82 0.0224609375 0.052
6 0.833740234375 0.458 0.00732421875 0.06
6 0.81689453125 0.4215 0.0068359375 0.031
6 0.832275390625 0.5185 0.00634765625 0.031
