4 0.195556640625 0.0435 0.01611328125 0.019
4 0.19189453125 0.1065 0.01953125 0.023
4 0.218994140625 0.702 0.01513671875 0.022
5 0.07080078125 0.4755 0.140625 0.891
4 0.180419921875 0.2175 0.01123046875 0.013
4 0.191650390625 0.5405 0.01025390625 0.019
4 0.202392578125 0.4915 0.01123046875 0.021
4 0.192138671875 0.4755 0.01123046875 0.013
4 0.195068359375 0.5115 0.01025390625 0.013
4 0.203369140625 0.5555 0.00927734375 0.011
4 0.19140625 0.977 0.009765625 0.016
4 0.205078125 0.79 0.009765625 0.014
4 0.203369140625 0.9235 0.00927734375 0.011
4 0.200927734375 0.861 0.00830078125 0.012
