4 0.77197265625 0.523 0.037109375 0.066
4 0.805419921875 0.9045 0.03076171875 0.053
4 0.805419921875 0.1205 0.03466796875 0.037
4 0.804931640625 0.2615 0.02783203125 0.051
4 0.76953125 0.662 0.025390625 0.026
4 0.77197265625 0.5775 0.01953125 0.039
4 0.77197265625 0.124 0.0224609375 0.028
4 0.767578125 0.4115 0.0224609375 0.043
4 0.77294921875 0.476 0.025390625 0.034
4 0.764404296875 0.9205 0.02392578125 0.023
4 0.767333984375 0.99 0.03271484375 0.02
4 0.76904296875 0.218 0.0185546875 0.022
4 0.770263671875 0.361 0.02099609375 0.018
