4 0.77783203125 0.1195 0.0390625 0.051
4 0.805908203125 0.3365 0.03173828125 0.039
4 0.845458984375 0.6545 0.01904296875 0.101
4 0.802734375 0.9085 0.03125 0.045
4 0.798828125 0.849 0.0478515625 0.048
4 0.768310546875 0.7975 0.02978515625 0.031
4 0.804443359375 0.7835 0.02587890625 0.029
4 0.768798828125 0.945 0.01708984375 0.02
4 0.767578125 0.974 0.013671875 0.02
4 0.76806640625 0.641 0.0166015625 0.02
4 0.78369140625 0.621 0.0205078125 0.032
4 0.841552734375 0.4615 0.01513671875 0.091
4 0.81103515625 0.378 0.037109375 0.046
4 0.769287109375 0.543 0.02001953125 0.022
4 0.768310546875 0.5205 0.01806640625 0.023
4 0.7685546875 0.484 0.01953125 0.03
4 0.782958984375 0.467 0.01513671875 0.018
4 0.8037109375 0.4615 0.0263671875 0.049
4 0.768798828125 0.444 0.02099609375 0.02
4 0.76953125 0.42 0.0166015625 0.022
4 0.767822265625 0.3965 0.01513671875 0.017
4 0.768310546875 0.37 0.01806640625 0.024
4 0.76953125 0.0115 0.021484375 0.021
4 0.76904296875 0.044 0.02734375 0.026
4 0.767822265625 0.0775 0.02197265625 0.023
4 0.769775390625 0.3375 0.01513671875 0.015
4 0.76953125 0.3245 0.017578125 0.013
4 0.768798828125 0.2855 0.02001953125 0.027
4 0.769287109375 0.2635 0.02099609375 0.021
4 0.76904296875 0.2365 0.0224609375 0.035
4 0.77001953125 0.1795 0.0107421875 0.015
4 0.8271484375 0.4945 0.01171875 0.015
