4 0.77099609375 0.198 0.033203125 0.04
4 0.842529296875 0.2145 0.01806640625 0.113
4 0.802490234375 0.449 0.02685546875 0.032
4 0.8427734375 0.4095 0.0283203125 0.105
4 0.803955078125 0.715 0.02685546875 0.034
4 0.760009765625 0.7495 0.02392578125 0.043
4 0.84228515625 0.972 0.017578125 0.056
4 0.806396484375 0.6625 0.03173828125 0.037
4 0.808349609375 0.5865 0.02294921875 0.027
4 0.771728515625 0.677 0.01806640625 0.022
4 0.770263671875 0.6425 0.01708984375 0.019
4 0.76904296875 0.5995 0.017578125 0.017
4 0.768310546875 0.57 0.01708984375 0.018
4 0.76806640625 0.5245 0.0185546875 0.021
4 0.76904296875 0.4205 0.03125 0.041
4 0.77001953125 0.3865 0.01953125 0.023
4 0.76904296875 0.362 0.017578125 0.022
4 0.768798828125 0.1405 0.01611328125 0.025
4 0.769287109375 0.0915 0.01416015625 0.021
