4 0.770751953125 0.2045 0.03369140625 0.047
4 0.7939453125 0.504 0.0869140625 0.07
4 0.781494140625 0.707 0.05126953125 0.048
4 0.769775390625 0.821 0.01708984375 0.034
4 0.803955078125 0.8835 0.02294921875 0.031
4 0.773681640625 0.956 0.03662109375 0.06
4 0.8056640625 0.974 0.0263671875 0.034
4 0.771240234375 0.5845 0.02685546875 0.035
4 0.7705078125 0.5585 0.0166015625 0.021
4 0.769775390625 0.4 0.01513671875 0.02
4 0.76904296875 0.249 0.0146484375 0.02
4 0.78125 0.1615 0.013671875 0.023
4 0.7705078125 0.07 0.0185546875 0.02
4 0.76123046875 0.4465 0.0126953125 0.019
4 0.769287109375 0.352 0.01220703125 0.018
