4 0.79345703125 0.4865 0.0859375 0.063
4 0.771484375 0.5675 0.02734375 0.033
4 0.781005859375 0.6945 0.05029296875 0.045
4 0.773193359375 0.9385 0.03759765625 0.063
4 0.767822265625 0.8045 0.02197265625 0.027
4 0.802978515625 0.8645 0.02099609375 0.031
4 0.84423828125 0.7685 0.017578125 0.095
4 0.770263671875 0.1885 0.03271484375 0.045
4 0.769287109375 0.5415 0.01806640625 0.019
4 0.76806640625 0.335 0.0146484375 0.018
4 0.7685546875 0.382 0.015625 0.018
4 0.76123046875 0.43 0.0146484375 0.016
4 0.768310546875 0.2325 0.01611328125 0.019
4 0.76953125 0.052 0.017578125 0.02
4 0.780029296875 0.144 0.01318359375 0.024
4 0.7919921875 0.2445 0.01171875 0.021
4 0.845458984375 0.9655 0.01123046875 0.031
4 0.80419921875 0.9575 0.02734375 0.033
