6 0.4052734375 0.4975 0.0224609375 0.993
6 0.468505859375 0.6435 0.00927734375 0.023
6 0.427978515625 0.46 0.01220703125 0.034
6 0.441162109375 0.469 0.00830078125 0.022
6 0.421875 0.216 0.0087890625 0.026
6 0.4404296875 0.2785 0.013671875 0.057
6 0.49462890625 0.456 0.009765625 0.014
6 0.468017578125 0.356 0.00830078125 0.054
6 0.46044921875 0.1845 0.0126953125 0.053
6 0.498291015625 0.3145 0.01025390625 0.037
6 0.505615234375 0.9545 0.01025390625 0.065
6 0.425537109375 0.7895 0.00927734375 0.031
6 0.4453125 0.8465 0.01171875 0.053
6 0.4541015625 0.8405 0.0068359375 0.017
6 0.50732421875 0.734 0.0078125 0.014
6 0.58203125 0.4815 0.009765625 0.015
6 0.5771484375 0.746 0.0087890625 0.028
6 0.58544921875 0.046 0.0146484375 0.018
6 0.58935546875 0.1675 0.0068359375 0.021
6 0.42138671875 0.7165 0.0078125 0.013
