4 0.81005859375 0.145 0.025390625 0.03
4 0.77099609375 0.538 0.0234375 0.024
4 0.805908203125 0.779 0.02978515625 0.052
4 0.76904296875 0.876 0.02734375 0.044
4 0.767578125 0.9305 0.0166015625 0.021
4 0.7705078125 0.991 0.0126953125 0.018
4 0.7685546875 0.9535 0.0126953125 0.019
4 0.766845703125 0.7945 0.01904296875 0.021
4 0.80419921875 0.8645 0.0166015625 0.019
4 0.771240234375 0.4495 0.02001953125 0.033
4 0.774169921875 0.399 0.03759765625 0.064
4 0.7685546875 0.2865 0.021484375 0.035
4 0.771728515625 0.3525 0.02587890625 0.031
4 0.80322265625 0.0065 0.03515625 0.011
4 0.772705078125 0.0055 0.02685546875 0.009
4 0.771484375 0.238 0.015625 0.016
4 0.769775390625 0.093 0.01513671875 0.016
4 0.769775390625 0.147 0.01220703125 0.018
4 0.783447265625 0.3205 0.02978515625 0.029
4 0.7431640625 0.358 0.0166015625 0.022
4 0.768798828125 0.048 0.01416015625 0.016
