6 0.056640625 0.883 0.0322265625 0.112
6 0.046142578125 0.597 0.01123046875 0.052
6 0.093017578125 0.988 0.02392578125 0.024
6 0.11181640625 0.7925 0.0146484375 0.109
6 0.077880859375 0.8995 0.01025390625 0.071
6 0.013916015625 0.983 0.02197265625 0.034
6 0.0107421875 0.8185 0.0126953125 0.057
6 0.029052734375 0.49 0.01708984375 0.068
6 0.005615234375 0.459 0.01025390625 0.044
6 0.06201171875 0.4605 0.029296875 0.139
6 0.01318359375 0.432 0.0087890625 0.018
6 0.03759765625 0.668 0.02734375 0.098
6 0.029541015625 0.1745 0.01904296875 0.047
6 0.025146484375 0.252 0.01123046875 0.022
6 0.040771484375 0.2255 0.01513671875 0.049
6 0.0048828125 0.1025 0.0087890625 0.029
