4 0.3525390625 0.061 0.0810546875 0.12
4 0.064697265625 0.5435 0.12841796875 0.083
4 0.329345703125 0.639 0.06982421875 0.068
4 0.410400390625 0.6135 0.05712890625 0.209
4 0.420166015625 0.824 0.03955078125 0.066
4 0.4140625 0.9575 0.05078125 0.085
4 0.089111328125 0.95 0.08251953125 0.068
4 0.30322265625 0.5245 0.0244140625 0.063
4 0.33056640625 0.4995 0.029296875 0.077
4 0.0224609375 0.9265 0.025390625 0.023
4 0.030517578125 0.965 0.01123046875 0.022
4 0.170166015625 0.9315 0.02392578125 0.023
4 0.236083984375 0.934 0.05517578125 0.028
4 0.33935546875 0.837 0.107421875 0.028
4 0.115234375 0.6195 0.19140625 0.071
