6 0.13037109375 0.6195 0.0244140625 0.187
6 0.22509765625 0.077 0.0146484375 0.096
6 0.14013671875 0.8205 0.015625 0.157
6 0.130126953125 0.7635 0.00537109375 0.015
6 0.127197265625 0.7845 0.00634765625 0.015
6 0.139404296875 0.9305 0.00927734375 0.029
6 0.224365234375 0.129 0.00634765625 0.014
6 0.2197265625 0.252 0.0068359375 0.018
6 0.2119140625 0.294 0.0087890625 0.042
6 0.21435546875 0.4765 0.0068359375 0.013
6 0.211181640625 0.7415 0.00634765625 0.011
6 0.210693359375 0.9055 0.00830078125 0.015
6 0.123291015625 0.962 0.00634765625 0.014
6 0.10595703125 0.494 0.0087890625 0.014
6 0.110107421875 0.0825 0.02587890625 0.025
6 0.111083984375 0.3465 0.01513671875 0.059
6 0.1064453125 0.381 0.005859375 0.012
6 0.11767578125 0.392 0.0068359375 0.012
6 0.2060546875 0.6295 0.009765625 0.063
6 0.098876953125 0.2295 0.00732421875 0.035
6 0.08935546875 0.1415 0.0078125 0.011
6 0.10205078125 0.174 0.0087890625 0.014
6 0.090576171875 0.354 0.01025390625 0.014
6 0.165771484375 0.7645 0.00634765625 0.011
6 0.109130859375 0.01 0.00732421875 0.012
