3 0.090576171875 0.2635 0.03076171875 0.259
6 0.18115234375 0.2225 0.0224609375 0.051
6 0.12939453125 0.2425 0.013671875 0.093
6 0.126953125 0.395 0.013671875 0.038
6 0.181396484375 0.3715 0.01904296875 0.027
6 0.15234375 0.1475 0.0087890625 0.019
6 0.2138671875 0.141 0.0078125 0.014
6 0.11181640625 0.107 0.0068359375 0.016
6 0.01904296875 0.431 0.0166015625 0.034
6 0.185791015625 0.83 0.01611328125 0.08
6 0.1845703125 0.3225 0.015625 0.033
6 0.1982421875 0.766 0.0107421875 0.016
6 0.09228515625 0.6025 0.0322265625 0.103
6 0.092529296875 0.759 0.03076171875 0.21
