6 0.16259765625 0.615 0.0107421875 0.018
6 0.18310546875 0.6145 0.0087890625 0.017
6 0.21630859375 0.698 0.0087890625 0.016
6 0.2470703125 0.9395 0.0078125 0.013
6 0.2470703125 0.8405 0.0078125 0.017
6 0.2509765625 0.7665 0.0078125 0.015
6 0.2529296875 0.676 0.0068359375 0.012
6 0.2470703125 0.4705 0.0078125 0.015
6 0.257568359375 0.618 0.00732421875 0.014
6 0.240234375 0.3525 0.0068359375 0.013
6 0.251220703125 0.543 0.00634765625 0.018
6 0.24560546875 0.4255 0.0068359375 0.013
6 0.2431640625 0.3885 0.0078125 0.015
6 0.23291015625 0.2465 0.0087890625 0.015
6 0.23193359375 0.188 0.0068359375 0.014
