4 0.80224609375 0.245 0.0263671875 0.032
4 0.79638671875 0.0495 0.0400390625 0.061
4 0.766357421875 0.9905 0.01708984375 0.019
4 0.803955078125 0.937 0.02978515625 0.032
4 0.768798828125 0.939 0.02490234375 0.026
4 0.768310546875 0.8775 0.01611328125 0.019
4 0.7666015625 0.801 0.0146484375 0.018
4 0.767822265625 0.846 0.01416015625 0.016
4 0.844482421875 0.5615 0.01904296875 0.091
4 0.802001953125 0.67 0.03076171875 0.034
4 0.768310546875 0.716 0.01904296875 0.022
4 0.844970703125 0.7485 0.01123046875 0.029
4 0.8037109375 0.439 0.029296875 0.03
4 0.767578125 0.6195 0.0224609375 0.039
4 0.76708984375 0.2395 0.0126953125 0.015
4 0.766357421875 0.2835 0.01416015625 0.017
4 0.7666015625 0.317 0.017578125 0.024
4 0.766845703125 0.346 0.01806640625 0.02
4 0.76708984375 0.371 0.0166015625 0.016
4 0.767578125 0.3925 0.0166015625 0.017
4 0.78369140625 0.408 0.0146484375 0.018
4 0.7685546875 0.431 0.02734375 0.028
4 0.770263671875 0.4705 0.02978515625 0.033
4 0.767578125 0.501 0.015625 0.018
4 0.76611328125 0.5265 0.0126953125 0.017
4 0.766357421875 0.5425 0.01220703125 0.015
4 0.774658203125 0.587 0.03173828125 0.024
4 0.767333984375 0.5625 0.01416015625 0.015
