6 0.165283203125 0.129 0.02099609375 0.03
6 0.095703125 0.1665 0.0166015625 0.109
6 0.09912109375 0.6865 0.0078125 0.033
6 0.098388671875 0.9095 0.01123046875 0.025
6 0.099853515625 0.416 0.00732421875 0.016
6 0.101318359375 0.5695 0.00830078125 0.015
6 0.26171875 0.346 0.0068359375 0.046
6 0.173583984375 0.756 0.01318359375 0.016
6 0.1689453125 0.939 0.0166015625 0.04
6 0.17626953125 0.5545 0.013671875 0.125
6 0.17041015625 0.697 0.0078125 0.012
6 0.168212890625 0.8165 0.00732421875 0.013
6 0.1767578125 0.7175 0.0078125 0.013
6 0.17041015625 0.2885 0.0087890625 0.017
6 0.17236328125 0.373 0.0078125 0.02
6 0.261962890625 0.474 0.00830078125 0.014
6 0.1806640625 0.6355 0.0068359375 0.015
6 0.1875 0.7625 0.0068359375 0.015
6 0.269287109375 0.7055 0.00830078125 0.011
6 0.269287109375 0.936 0.00830078125 0.014
6 0.259033203125 0.1935 0.00634765625 0.017
6 0.259521484375 0.162 0.00830078125 0.04
6 0.2822265625 0.1155 0.0078125 0.015
6 0.099365234375 0.3425 0.00634765625 0.015
6 0.166748046875 0.4525 0.00732421875 0.013
6 0.284912109375 0.2175 0.00634765625 0.013
