6 0.121337890625 0.052 0.02099609375 0.022
6 0.03759765625 0.0245 0.0126953125 0.021
6 0.23583984375 0.5895 0.0126953125 0.023
6 0.0146484375 0.018 0.013671875 0.022
6 0.07666015625 0.007 0.0126953125 0.012
6 0.1875 0.4605 0.009765625 0.017
6 0.20263671875 0.4635 0.0107421875 0.013
6 0.21923828125 0.541 0.0078125 0.026
6 0.2509765625 0.803 0.0087890625 0.014
6 0.25048828125 0.91 0.0078125 0.014
6 0.25048828125 0.99 0.0078125 0.014
6 0.255859375 0.4175 0.021484375 0.053
6 0.247314453125 0.4765 0.01025390625 0.019
6 0.253173828125 0.6865 0.00830078125 0.033
6 0.256103515625 0.5955 0.00732421875 0.025
6 0.249755859375 0.5355 0.00830078125 0.015
6 0.2451171875 0.3385 0.0078125 0.017
6 0.24267578125 0.2305 0.0068359375 0.025
6 0.251708984375 0.8695 0.00732421875 0.013
6 0.239013671875 0.1875 0.01318359375 0.041
6 0.254638671875 0.0615 0.01611328125 0.021
6 0.24560546875 0.285 0.0078125 0.012
6 0.24462890625 0.3095 0.0078125 0.015
6 0.23291015625 0.106 0.0068359375 0.014
6 0.225830078125 0.0735 0.00732421875 0.015
6 0.238037109375 0.1375 0.00830078125 0.015
6 0.21533203125 0.8145 0.0068359375 0.013
