6 0.143798828125 0.2325 0.01123046875 0.021
6 0.1904296875 0.1515 0.0126953125 0.021
6 0.114990234375 0.5055 0.00927734375 0.027
6 0.133544921875 0.7105 0.01416015625 0.023
6 0.1611328125 0.2495 0.0078125 0.017
6 0.119873046875 0.21 0.00927734375 0.014
6 0.14794921875 0.153 0.0068359375 0.02
6 0.1142578125 0.29 0.009765625 0.02
6 0.1494140625 0.023 0.0078125 0.014
6 0.10302734375 0.15 0.0078125 0.014
6 0.181884765625 0.1065 0.00927734375 0.017
6 0.162109375 0.469 0.0087890625 0.02
6 0.140625 0.542 0.0107421875 0.02
6 0.114501953125 0.581 0.00927734375 0.022
6 0.158447265625 0.6735 0.01123046875 0.015
6 0.22705078125 0.5075 0.009765625 0.015
6 0.1494140625 0.1025 0.0087890625 0.015
6 0.14794921875 0.9 0.0068359375 0.02
6 0.15087890625 0.873 0.0087890625 0.02
6 0.099609375 0.888 0.009765625 0.016
6 0.18408203125 0.71 0.009765625 0.014
6 0.183349609375 0.4755 0.00927734375 0.015
