5 0.33837890625 0.4825 0.193359375 0.829
6 0.706787109375 0.4875 0.13232421875 0.251
6 0.2490234375 0.4915 0.0322265625 0.107
6 0.3994140625 0.6775 0.0400390625 0.095
6 0.474853515625 0.7485 0.01025390625 0.045
6 0.4755859375 0.781 0.0107421875 0.012
6 0.443115234375 0.718 0.00927734375 0.018
6 0.55078125 0.728 0.0107421875 0.03
6 0.542724609375 0.7775 0.01318359375 0.049
6 0.358642578125 0.892 0.00830078125 0.022
6 0.424560546875 0.763 0.00732421875 0.032
6 0.40576171875 0.7975 0.0078125 0.047
6 0.425537109375 0.5945 0.00732421875 0.021
6 0.371826171875 0.8085 0.00732421875 0.019
6 0.30908203125 0.763 0.0263671875 0.094
6 0.232666015625 0.8295 0.00732421875 0.059
6 0.21484375 0.8825 0.0068359375 0.043
6 0.31689453125 0.958 0.005859375 0.016
6 0.303955078125 0.911 0.00732421875 0.014
6 0.292724609375 0.746 0.00732421875 0.018
6 0.203857421875 0.402 0.01220703125 0.05
6 0.619140625 0.792 0.0087890625 0.04
6 0.684326171875 0.8215 0.00732421875 0.045
6 0.716064453125 0.883 0.00830078125 0.032
6 0.66259765625 0.78 0.005859375 0.038
6 0.741455078125 0.861 0.00830078125 0.032
6 0.493408203125 0.9855 0.01025390625 0.029
6 0.5205078125 0.9875 0.009765625 0.025
6 0.570556640625 0.8335 0.00830078125 0.031
6 0.422119140625 0.939 0.00830078125 0.03
6 0.6650390625 0.927 0.0087890625 0.038
6 0.801025390625 0.74 0.01904296875 0.07
6 0.875244140625 0.949 0.02197265625 0.062
6 0.78369140625 0.8835 0.009765625 0.047
6 0.3291015625 0.9375 0.0068359375 0.013
6 0.28955078125 0.995 0.0087890625 0.01
6 0.25927734375 0.6805 0.005859375 0.017
