3 0.3271484375 0.8555 0.0185546875 0.087
3 0.238525390625 0.672 0.06103515625 0.252
3 0.27001953125 0.829 0.0126953125 0.042
3 0.280517578125 0.499 0.03662109375 0.12
3 0.29833984375 0.87 0.0322265625 0.096
3 0.319580078125 0.9495 0.02880859375 0.101
3 0.26318359375 0.9755 0.0244140625 0.049
3 0.3251953125 0.6295 0.01953125 0.087
3 0.47900390625 0.5245 0.0224609375 0.167
3 0.37841796875 0.8215 0.0224609375 0.105
3 0.1884765625 0.7795 0.013671875 0.061
3 0.30908203125 0.777 0.021484375 0.09
3 0.371337890625 0.728 0.00927734375 0.072
3 0.341064453125 0.6885 0.01025390625 0.087
3 0.34033203125 0.7895 0.015625 0.115
3 0.356201171875 0.7845 0.01318359375 0.083
3 0.354248046875 0.282 0.02392578125 0.088
3 0.415771484375 0.9755 0.02001953125 0.049
3 0.31494140625 0.326 0.01171875 0.05
3 0.265380859375 0.322 0.01123046875 0.054
3 0.344482421875 0.171 0.00927734375 0.038
