4 0.76953125 0.3075 0.0205078125 0.037
4 0.8056640625 0.016 0.03125 0.03
4 0.809326171875 0.166 0.02783203125 0.026
4 0.806396484375 0.7975 0.02880859375 0.049
4 0.769287109375 0.895 0.02685546875 0.044
4 0.771484375 0.257 0.0126953125 0.016
4 0.771484375 0.0195 0.0224609375 0.029
4 0.7734375 0.4175 0.0341796875 0.065
4 0.7705078125 0.5595 0.0205078125 0.021
4 0.7705078125 0.4615 0.01953125 0.017
4 0.773681640625 0.4785 0.01416015625 0.015
4 0.770751953125 0.373 0.02685546875 0.03
4 0.74267578125 0.3775 0.0146484375 0.023
4 0.781982421875 0.342 0.02880859375 0.032
4 0.768798828125 0.169 0.01416015625 0.016
4 0.769287109375 0.113 0.01416015625 0.018
4 0.76806640625 0.0695 0.01171875 0.015
4 0.766357421875 0.8135 0.01806640625 0.021
4 0.802978515625 0.8845 0.01513671875 0.015
4 0.7666015625 0.948 0.017578125 0.018
4 0.769287109375 0.9735 0.01318359375 0.019
