6 0.100341796875 0.187 0.03173828125 0.104
6 0.192138671875 0.3285 0.01416015625 0.025
6 0.19384765625 0.8295 0.0400390625 0.211
6 0.181884765625 0.1665 0.01220703125 0.019
6 0.15478515625 0.2945 0.009765625 0.017
6 0.09912109375 0.2605 0.0107421875 0.023
6 0.1552734375 0.056 0.0078125 0.016
6 0.18408203125 0.3595 0.0146484375 0.017
6 0.1943359375 0.4495 0.01171875 0.019
6 0.09521484375 0.59 0.037109375 0.138
6 0.103271484375 0.7995 0.04345703125 0.239
6 0.095947265625 0.948 0.02880859375 0.052
6 0.1884765625 0.6525 0.01171875 0.019
6 0.201904296875 0.622 0.00927734375 0.02
6 0.09326171875 0.4855 0.0224609375 0.033
6 0.230712890625 0.174 0.00927734375 0.024
