4 0.8046875 0.2695 0.025390625 0.027
4 0.802978515625 0.347 0.04345703125 0.056
4 0.80810546875 0.569 0.0283203125 0.032
4 0.775146484375 0.806 0.03271484375 0.04
4 0.772216796875 0.9755 0.03271484375 0.043
4 0.769287109375 0.5405 0.02197265625 0.043
4 0.77490234375 0.3885 0.0283203125 0.033
4 0.769287109375 0.3495 0.02197265625 0.047
4 0.81494140625 0.389 0.025390625 0.03
4 0.8056640625 0.2445 0.0234375 0.023
4 0.80419921875 0.2115 0.025390625 0.025
4 0.71044921875 0.2185 0.0205078125 0.057
4 0.77001953125 0.179 0.015625 0.022
4 0.771728515625 0.6405 0.01806640625 0.021
4 0.770751953125 0.687 0.01416015625 0.018
4 0.768798828125 0.782 0.01416015625 0.014
4 0.77001953125 0.0335 0.0146484375 0.023
4 0.84619140625 0.3785 0.017578125 0.049
4 0.769287109375 0.296 0.01416015625 0.018
