6 0.81884765625 0.188 0.0234375 0.032
6 0.762451171875 0.2935 0.01708984375 0.121
6 0.739990234375 0.552 0.02099609375 0.068
6 0.736328125 0.133 0.0166015625 0.05
6 0.73193359375 0.6295 0.015625 0.041
6 0.7314453125 0.722 0.0146484375 0.038
6 0.740234375 0.772 0.009765625 0.02
6 0.7158203125 0.8255 0.0087890625 0.035
6 0.7138671875 0.9255 0.01171875 0.039
6 0.83642578125 0.607 0.009765625 0.02
6 0.832763671875 0.418 0.01513671875 0.044
6 0.722412109375 0.398 0.02197265625 0.082
6 0.75 0.194 0.013671875 0.022
6 0.886474609375 0.274 0.01025390625 0.034
6 0.886474609375 0.208 0.00830078125 0.02
6 0.8896484375 0.36 0.0107421875 0.024
6 0.8896484375 0.8095 0.009765625 0.021
6 0.88916015625 0.9665 0.0087890625 0.019
6 0.745849609375 0.021 0.00830078125 0.022
6 0.7158203125 0.3285 0.0234375 0.057
6 0.88525390625 0.0545 0.0078125 0.025
6 0.7470703125 0.876 0.0068359375 0.018
6 0.745849609375 0.83 0.00830078125 0.018
