4 0.709228515625 0.1365 0.01904296875 0.057
4 0.7724609375 0.309 0.0283203125 0.034
4 0.80517578125 0.4875 0.033203125 0.041
4 0.77099609375 0.728 0.037109375 0.044
4 0.76953125 0.904 0.037109375 0.048
4 0.76953125 0.5625 0.021484375 0.021
4 0.769287109375 0.6085 0.01611328125 0.019
4 0.766845703125 0.7025 0.01513671875 0.019
4 0.765380859375 0.6825 0.01611328125 0.019
4 0.766357421875 0.4515 0.02197265625 0.021
4 0.769287109375 0.473 0.02197265625 0.026
4 0.80859375 0.9415 0.017578125 0.019
4 0.802001953125 0.266 0.04248046875 0.054
4 0.8115234375 0.308 0.029296875 0.03
4 0.767578125 0.279 0.0224609375 0.022
4 0.768310546875 0.2585 0.01708984375 0.021
4 0.8017578125 0.1295 0.0263671875 0.025
4 0.80419921875 0.1615 0.0224609375 0.021
4 0.802490234375 0.188 0.02783203125 0.026
4 0.843994140625 0.2945 0.01416015625 0.037
4 0.767578125 0.098 0.0166015625 0.02
4 0.7666015625 0.215 0.015625 0.016
4 0.709228515625 0.0315 0.01025390625 0.015
4 0.766845703125 0.0175 0.01220703125 0.015
4 0.726318359375 0.1495 0.01220703125 0.025
4 0.766845703125 0.195 0.01220703125 0.014
4 0.765625 0.421 0.0146484375 0.016
