4 0.8447265625 0.0855 0.01953125 0.093
4 0.80615234375 0.471 0.0322265625 0.04
4 0.771484375 0.7135 0.037109375 0.039
4 0.7705078125 0.891 0.033203125 0.04
4 0.8447265625 0.8695 0.017578125 0.097
4 0.76806640625 0.686 0.0146484375 0.018
4 0.7666015625 0.666 0.0126953125 0.018
4 0.7685546875 0.5915 0.0166015625 0.021
4 0.770263671875 0.5455 0.02001953125 0.023
4 0.768798828125 0.456 0.01904296875 0.022
4 0.76611328125 0.434 0.021484375 0.018
4 0.766357421875 0.4055 0.01416015625 0.015
4 0.811767578125 0.292 0.02783203125 0.03
4 0.845947265625 0.2825 0.01611328125 0.047
4 0.7744140625 0.292 0.0263671875 0.03
4 0.766845703125 0.199 0.01513671875 0.016
4 0.80224609375 0.2495 0.0419921875 0.055
4 0.767333984375 0.2625 0.02392578125 0.023
4 0.768798828125 0.2415 0.01904296875 0.023
4 0.802490234375 0.1715 0.02783203125 0.027
4 0.76611328125 0.179 0.0107421875 0.012
4 0.80419921875 0.145 0.0244140625 0.022
4 0.802001953125 0.1145 0.02685546875 0.025
4 0.767333984375 0.0815 0.01904296875 0.017
4 0.709716796875 0.1155 0.01904296875 0.067
4 0.726806640625 0.1355 0.01416015625 0.029
4 0.707275390625 0.071 0.00830078125 0.014
4 0.70947265625 0.0165 0.009765625 0.015
4 0.767822265625 0.0055 0.01416015625 0.009
4 0.7626953125 0.8665 0.009765625 0.013
4 0.809814453125 0.9255 0.01611328125 0.021
