6 0.2275390625 0.0965 0.013671875 0.025
6 0.20947265625 0.1625 0.013671875 0.023
6 0.205078125 0.2815 0.0126953125 0.019
6 0.193359375 0.925 0.015625 0.022
6 0.21337890625 0.8895 0.0126953125 0.025
6 0.19775390625 0.437 0.013671875 0.032
6 0.20068359375 0.495 0.0224609375 0.024
6 0.210693359375 0.6115 0.00927734375 0.017
6 0.20166015625 0.75 0.009765625 0.016
6 0.20556640625 0.9435 0.0126953125 0.029
6 0.191650390625 0.99 0.01220703125 0.02
6 0.201416015625 0.8745 0.00927734375 0.019
6 0.21044921875 0.3585 0.0087890625 0.015
6 0.190673828125 0.167 0.00927734375 0.018
6 0.1943359375 0.8905 0.009765625 0.019
