4 0.805908203125 0.038 0.02978515625 0.028
4 0.8095703125 0.1875 0.0263671875 0.025
4 0.771484375 0.5785 0.021484375 0.029
4 0.806884765625 0.8175 0.02880859375 0.051
4 0.76611328125 0.8355 0.0205078125 0.025
4 0.77099609375 0.0395 0.0234375 0.025
4 0.76904296875 0.916 0.0283203125 0.042
4 0.767822265625 0.9705 0.01904296875 0.019
4 0.803955078125 0.904 0.01611328125 0.02
4 0.772705078125 0.3915 0.02490234375 0.033
4 0.783447265625 0.361 0.02880859375 0.03
4 0.7685546875 0.327 0.0205078125 0.038
4 0.774658203125 0.4385 0.03564453125 0.063
4 0.771240234375 0.49 0.01904296875 0.032
4 0.76953125 0.1345 0.015625 0.019
4 0.768798828125 0.1865 0.01416015625 0.017
4 0.770751953125 0.279 0.01416015625 0.02
4 0.7685546875 0.0905 0.0126953125 0.017
4 0.74365234375 0.3975 0.0146484375 0.025
4 0.76953125 0.992 0.0166015625 0.016
