6 0.096435546875 0.1225 0.03271484375 0.243
6 0.188720703125 0.05 0.02294921875 0.062
6 0.03173828125 0.108 0.009765625 0.016
6 0.101318359375 0.2785 0.01123046875 0.049
6 0.03515625 0.354 0.0087890625 0.024
6 0.101318359375 0.3315 0.00634765625 0.013
6 0.10107421875 0.394 0.005859375 0.01
6 0.0322265625 0.5435 0.0048828125 0.011
6 0.099853515625 0.659 0.00634765625 0.02
6 0.0986328125 0.563 0.0087890625 0.02
6 0.099609375 0.4735 0.0087890625 0.017
6 0.03369140625 0.5885 0.005859375 0.013
6 0.099853515625 0.498 0.00634765625 0.01
6 0.12548828125 0.064 0.0068359375 0.012
6 0.184326171875 0.118 0.01025390625 0.014
6 0.11376953125 0.0125 0.005859375 0.009
6 0.200927734375 0.1155 0.00537109375 0.011
6 0.03564453125 0.713 0.005859375 0.02
6 0.033447265625 0.7815 0.00537109375 0.017
6 0.033203125 0.9185 0.005859375 0.015
6 0.1005859375 0.971 0.0078125 0.026
6 0.09716796875 0.8615 0.0068359375 0.025
6 0.100830078125 0.7715 0.00634765625 0.019
6 0.101318359375 0.7075 0.00634765625 0.013
6 0.15771484375 0.775 0.005859375 0.012
