4 0.7685546875 0.1795 0.0185546875 0.019
4 0.80712890625 0.087 0.029296875 0.032
4 0.84423828125 0.32 0.0166015625 0.084
4 0.804443359375 0.721 0.03173828125 0.05
4 0.844970703125 0.4985 0.01123046875 0.031
4 0.767578125 0.0905 0.017578125 0.021
4 0.76611328125 0.219 0.0205078125 0.018
4 0.766845703125 0.237 0.01904296875 0.018
4 0.766845703125 0.034 0.01611328125 0.016
4 0.763916015625 0.736 0.01708984375 0.018
4 0.802734375 0.8065 0.015625 0.017
4 0.767822265625 0.81 0.02587890625 0.026
4 0.765625 0.831 0.0166015625 0.016
4 0.768310546875 0.935 0.01513671875 0.018
4 0.767578125 0.896 0.0146484375 0.016
4 0.765625 0.8715 0.0166015625 0.015
4 0.77880859375 0.8625 0.0126953125 0.011
4 0.76806640625 0.4805 0.0224609375 0.019
4 0.770751953125 0.5345 0.01025390625 0.013
4 0.77197265625 0.398 0.013671875 0.016
4 0.768798828125 0.384 0.01806640625 0.016
4 0.77197265625 0.3385 0.0361328125 0.061
4 0.773681640625 0.2655 0.01318359375 0.013
4 0.770263671875 0.2945 0.02392578125 0.031
4 0.741455078125 0.2985 0.01318359375 0.023
4 0.78369140625 0.264 0.005859375 0.01
4 0.790283203125 0.2535 0.00732421875 0.011
